	kms	lat	lng	owner_type	price	tel	version	year
0	8 900 KM	48.7025751	2.0696133	Particulier	17 990 €		6	2014
1	20 992 KM	48.792001	2.39851	Pro	16 590 €	0811708090	6	2013
2	3 098 KM	48.42345400000001	2.754079	Pro	17 700 €	0164239675	6	2014
3	3 365 KM	48.856614	2.3522219	Pro	17 900 €	0146348425	6	2013
4	7 KM	48.757205	2.326243	Pro	17 550 €	0175448164	6	2014
5	11 440 KM	48.892423	2.215331	Pro	19 450 €	0156837400	6	2013
6	100 KM	48.841386	2.504038	Pro	17 990 €	0143240835	6	2014
7	17 431 KM	48.542105	2.6554	Pro	16 980 €	0615872883	6	2013
8	5 780 KM	48.856614	2.3522219	Pro	17 890 €	0178455073	6	2014
9	12 000 KM	43.362402	-1.700075	Particulier	13 700 €		6	2013
10	11 000 KM	44.8448769	-0.656358	Pro	20 490 €	0557215831	6	2013
11	17 000 KM	44.84402799999999	0.210809	Particulier	19 400 €		6	2014
12	22 849 KM	43.2951	-0.370797	Pro	15 990 €	0547200024	6	2013
13	18 500 KM	44.837789	-0.57918	Pro	15 990 €	0557818910	6	2013
14	51 000 KM	43.452497	5.864004	Particulier	11 900 €		6	2011
15	10 KM	43.588896	5.002136	Pro	18 990 €	09.74.91.50.00	6	2014
16	9 954 KM	44.559638	6.079758	Pro	17 400 €	0492533452	6	2013
17	10 KM	43.404811	5.053728	Pro	17 200 €	06 64 16 99 51	6	2014
18	39 000 KM	43.7101728	7.261953200000001	Particulier	17 990 €		6	2012
19	13 306 KM	44.1380989	4.807511	Pro	17 990 €	0607135149	6	2014
20	2 KM	43.7101728	7.261953200000001	Pro	19 680 €	06 99 35 99 64	6	2014
